4.3104045868275529
0.6988577820179560
-0.1603219500105111
-0.1124237798922052
-0.1475608064149734
-0.0980676747003943
0.2360357162845361
0.0930595281337348
0.1022824903539576
0.1042037008158183
0.1896833056467955
-0.1690637508932439
-0.0003286599027245
0.2100673488423251
0.1222215344030450
-0.2430573960607144
0.2393213934880698
0.0138729542216405
-0.2105835653185398
0.4394189387006865
-0.7622816724214053
0.0000820408510320
-0.1341917126676397
0.2388519031563388
0.1968515964723723
0.5180830943434921
0.0845018196446319
-0.2082402228662573
-0.2263387311297602
0.1718726271813234
0.2748395754007876
-0.2533484338833122
-0.1814947021185818
0.3081149310144520
-0.2677465788826390
0.0963993888271057
-0.0533791985490245
-0.0042117636608967
0.0887771894865209
-0.1114524391781552
-0.1043852635911039
-0.0906768046790625
0.6291668095012232
0.1806975611404706
0.0202129110077110
-0.0409411926721960
0.0031754931684845
0.1535039018009139
-0.3332229099713890
-0.1492730481043715
0.2659397155816808
0.0222944080193570
0.2668248362869717
0.0471240121718001
0.5550022802936085
-0.4879440141460798
-0.4428793185150423
0.3603924680699622
0.2519280805691609
-0.2454405353257149
-0.4328274695077185
-0.0306802590924182
-0.2151719553326301
0.2359410461582193
