0.8418526564103548
0.8358474279838033
0.9436494174737725
0.4274974712631405
0.0847264691310170
0.7592525430283562
0.3877702814138920
0.1498009228627574
0.4808054824271288
0.7586750562580007
0.9088575772997932
0.8604818162846457
0.8797341289186212
0.6445361653035327
0.7363137270011765
0.3461066727883120
0.5601527769588786
0.3887968781149187
0.3971060173885589
0.2944856328534662
0.2161930163450838
0.2680931456295624
0.2997339564079889
0.7601923613843293
0.7625526714797520
0.3714144987888947
0.3879002583922964
0.6715599015477309
0.7127555829069704
0.4330829825526292
0.2621913231308231
0.7602046812736027
0.4934809845287200
0.7730152539146632
0.9445906801342618
0.7376660499608737
0.3414802043179012
0.1182330934310226
0.0555078280809638
0.1674847148203634
0.7994108999668221
0.4002676652783723
0.6638344508081875
0.8208002643400670
0.3381677969655819
0.7644121662334582
0.0777727813676412
0.8045857317408516
0.6080702937046076
0.9214569924832885
0.7959930709283350
0.0519886847874260
0.7158135585690211
0.2775130503919474
0.8687990927294015
0.2584462441255259
0.3205599001651950
0.5290253178093206
0.5985899765771563
0.4168456383226948
0.9189495706950968
0.8006084697101079
0.4590204269239714
0.0485223398037739
